[-1.58462548e+00 -3.17828497e-01 -5.28325438e-02  1.66699998e-02
  1.95696168e-11  6.20950819e-10  1.68295024e-10  9.99999998e-01
  0.00000000e+00 -7.40390444e+00 -3.12052797e+00  2.47090282e+01
  5.59222756e+01  1.00958015e+02  0.00000000e+00 -2.59835747e+00
 -7.11434348e-01  2.41891454e+00  2.48581341e+00  7.29507352e-01
  1.66533454e-16  4.74677741e-01  7.68987773e-01  9.15718197e-01
  9.81400190e-01  9.99962268e-01  1.00000000e+00  8.80159676e-01
  6.39263511e-01  4.01821077e-01  1.91973224e-01 -8.68408090e-03
  0.00000000e+00  8.44546128e+01  0.00000000e+00  0.00000000e+00
  8.44546128e+01  0.00000000e+00  7.22302390e+00  7.29624633e+01
  4.05000738e-02  1.24088926e+01  4.45323906e+01  2.82737541e+01
  7.58643961e+00  1.15508956e+01  2.25590969e+00  1.38945275e+01
  3.97151303e+00  1.12772951e+01  0.00000000e+00  8.44546128e+01
  0.00000000e+00 -9.43479443e+00  7.55497436e+01  3.32252049e+00
 -2.28827133e+01  3.94425087e+01  1.99369373e+01 -3.91300659e+01
  8.94083883e+00 -4.60075187e+00 -4.08258476e+01  2.60830569e+00
  7.32950978e+00  0.00000000e+00  8.44546128e+01  0.00000000e+00
  4.09405661e+00  9.30852509e+01  6.47924424e+00  5.38191557e+00
  1.00981873e+02  1.48388930e+01  5.38191557e+00  1.00981873e+02
  1.48388930e+01  8.09577945e+00  1.10316742e+02  1.67576466e+01
  1.04516477e+01  1.19960961e+02  1.78128395e+01  5.38191557e+00
  1.00981873e+02  1.48388930e+01  2.24381885e+01  1.08998909e+02
  7.48796416e+00  2.56414928e+01  8.15626449e+01  2.19033504e+00
  1.35695467e+01  8.37846604e+01  1.75509606e+01  1.35695467e+01
  8.37846604e+01  1.75509606e+01  1.21996307e+01  8.49448623e+01
  2.11670837e+01  1.35695467e+01  8.37846604e+01  1.75509606e+01
  5.38191557e+00  1.00981873e+02  1.48388930e+01 -2.81118084e+00
  1.16775070e+02  6.94869185e+00 -2.01589546e+01  9.56379624e+01
 -4.35133028e+00 -2.47501373e+01  8.05933533e+01  7.07255268e+00
 -2.47501373e+01  8.05933533e+01  7.07255268e+00 -2.52361164e+01
  7.87597580e+01  1.00303573e+01 -2.47501373e+01  8.05933533e+01
  7.07255268e+00 -1.58462549e+00 -5.35935761e-01 -3.17828520e-01
 -1.58462549e+00 -5.35935761e-01 -3.17828520e-01 -1.56378055e+00
 -5.18009724e-01 -6.92655155e-01  1.88489154e-01 -1.07822135e-01
 -6.58840426e-01 -2.07315421e+00 -3.67583663e-01  2.03532730e-01
 -9.24305620e-01 -1.04690343e-02 -4.00171889e-01 -1.58462549e+00
 -5.35935761e-01 -3.17828520e-01 -1.37114966e+00 -5.95583501e-01
  9.54109345e-02 -4.70153750e-01 -4.22573538e-01  1.14236390e+00
 -2.00919524e-01  2.37739995e-01  1.72804912e-01 -6.31758785e-02
 -2.82368587e-02  4.67788317e-02 -1.58462549e+00 -5.35935761e-01
 -3.17828520e-01 -1.22030533e+00 -8.37641361e-01 -1.65212178e-01
 -6.11483754e-01 -1.05565930e+00 -7.85248960e-02 -6.11483754e-01
 -1.05565930e+00 -7.85248960e-02 -4.70972808e-01 -1.13574624e+00
  9.74779947e-02 -3.89926316e-01 -1.16469860e+00  1.74804991e-01
 -6.11483754e-01 -1.05565930e+00 -7.85248960e-02 -9.90656736e-01
 -1.03575337e+00 -8.82801185e-01 -2.21657158e+00 -1.03283298e+00
 -1.46532548e+00 -7.99174251e-01 -1.98215485e+00 -3.49334611e-01
 -7.99174251e-01 -1.98215485e+00 -3.49334611e-01 -3.93414945e-01
 -2.15486646e+00 -1.71468782e-01 -7.99174251e-01 -1.98215485e+00
 -3.49334611e-01 -6.11483754e-01 -1.05565930e+00 -7.85248960e-02
 -1.26346481e+00 -8.46182826e-01  1.14187681e+00 -2.36700393e+00
 -6.56612279e-01  2.63563514e+00 -2.12299491e+00 -1.40883029e+00
  1.67533969e+00 -2.12299491e+00 -1.40883029e+00  1.67533969e+00
 -2.04473377e+00 -1.73610962e+00  1.45819973e+00 -2.12299491e+00
 -1.40883029e+00  1.67533969e+00  8.46195072e-02  1.00533247e-01
 -6.66726891e-03 -1.83877423e-02  3.29100639e-01 -9.36297550e-02
 -4.48513417e-01  2.34483078e-01 -2.16321080e-01  3.05654705e-01
  2.33580410e-01 -1.65928230e-01  2.57324785e-01  1.88112377e-01
  1.04783528e-01  1.29231885e-01  2.76646941e-01  9.19453128e-02
 -9.86991265e-03 -9.49888078e-02 -6.78173973e-02 -2.38614008e-01
 -6.30236196e-02  2.55721251e-02  2.52579481e-01 -1.91229925e-01
 -9.07090975e-02  1.70015977e-01  5.52706458e-02 -2.40741983e-01
  3.19519116e-02 -1.85371609e-03 -1.51439503e-01  3.82053465e-01
  1.39507696e-01 -1.45867198e-01  4.24145013e-01  1.51834652e-01
  1.70289876e-02  1.69325665e-01  9.10222902e-02 -1.02812879e-01
  7.00337291e-02  1.71235278e-01 -1.28884047e-01  1.17149569e-01
  1.95095434e-01 -8.49680452e-02  5.37872068e-03  1.98794125e-01
 -7.76838585e-02  2.00991675e-01  2.32827454e-01 -1.75176970e-02
  2.85733909e-01 -1.18286647e-01 -7.31634617e-01 -4.09024447e-01
 -9.51377928e-01 -7.07408369e-01 -5.86386919e-01 -9.98947798e-01
 -5.74084937e-01 -5.75302065e-01 -8.81745399e-01 -5.77337801e-01
 -5.75302065e-01 -8.81745399e-01 -5.77337801e-01 -5.86386919e-01
 -9.98947798e-01 -5.74084937e-01  6.83749766e-02 -2.67847776e-01
 -2.68007815e-01  2.37380058e-01 -1.10625542e-01  4.64047104e-01
  9.72321256e-02  4.61864472e-01  4.81864214e-01  5.47046848e-02
  7.41116345e-01  3.11765463e-01  9.26975382e-02  6.48299992e-01
  3.07000339e-01  9.26975382e-02  6.48299992e-01  3.07000339e-01
  5.47046848e-02  7.41116345e-01  3.11765463e-01]
