[-1.51077704e+00  2.05611289e+00 -9.28646763e-03  2.31472477e-02
  4.50541153e-02  2.23760383e-01  4.15303297e-02  5.01254567e-01
  0.00000000e+00 -1.77545890e+02 -7.27068261e+00  8.34602756e+02
  1.75251693e+03  3.07938669e+03  0.00000000e+00 -4.84549506e+01
  4.78321863e+01  1.89334838e+02  2.67014394e+02  2.82740478e+02
 -2.33606408e-17  2.49884979e-01  4.17132634e-01  5.07571143e-01
  5.43193541e-01  5.38803343e-01  1.37761702e+00  1.28618012e+00
  1.06663040e+00  7.87634445e-01  4.86574105e-01  1.83253858e-01
  0.00000000e+00  7.60863794e+02  0.00000000e+00  0.00000000e+00
  7.60863794e+02  0.00000000e+00  6.58901300e+01  6.57891984e+02
  9.95280921e-01  1.11306894e+02  4.00059007e+02  2.46324215e+02
  6.00839647e+01  1.04873202e+02  1.88628467e+01  1.16824796e+02
  3.82865118e+01  9.62914405e+01  0.00000000e+00  7.60863794e+02
  0.00000000e+00 -8.39762741e+01  6.78951210e+02  2.71862067e+01
 -1.98838939e+02  3.56040070e+02  1.78146389e+02 -3.12524374e+02
  8.98005203e+01 -5.79623400e+01 -3.33183760e+02  2.78678255e+01
  4.22329467e+01  0.00000000e+00  7.60863794e+02  0.00000000e+00
  3.32048327e+01  8.36458588e+02  6.08536914e+01  4.36105373e+01
  9.05852483e+02  1.37292255e+02  4.36105373e+01  9.05852483e+02
  1.37292255e+02  6.61345337e+01  9.89308579e+02  1.56968672e+02
  8.61629435e+01  1.07610825e+03  1.67593313e+02  4.36105373e+01
  9.05852483e+02  1.37292255e+02  1.95035434e+02  9.81362183e+02
  7.28198997e+01  2.23962937e+02  7.40081016e+02  1.76178837e+01
  1.26006164e+02  7.43915295e+02  1.59089191e+02  1.26006164e+02
  7.43915295e+02  1.59089191e+02  1.16384323e+02  7.51089741e+02
  1.92132349e+02  1.26006164e+02  7.43915295e+02  1.59089191e+02
  4.36105373e+01  9.05852483e+02  1.37292255e+02 -3.56231663e+01
  1.04693374e+03  7.34254316e+01 -1.91554528e+02  8.55695081e+02
 -2.18922828e+01 -2.29114315e+02  7.16786964e+02  7.06049755e+01
 -2.29114315e+02  7.16786964e+02  7.06049755e+01 -2.32989062e+02
  6.98169087e+02  9.45776677e+01 -2.29114315e+02  7.16786964e+02
  7.06049755e+01 -1.76624093e+00 -5.99736182e-01  1.98252140e+00
 -1.76624093e+00 -5.99736182e-01  1.98252140e+00 -1.67999632e+00
 -5.39640813e-01  1.48933615e+00  3.91001132e-01 -1.20646438e-01
  1.71735992e+00 -2.39500000e+00 -4.65387445e-01  3.22414996e+00
 -1.03605678e+00  3.75375027e-02  2.54811661e+00 -1.76624093e+00
 -5.99736182e-01  1.98252140e+00 -1.43692559e+00 -7.65122713e-01
  2.47363113e+00 -7.34541823e-01 -3.43272967e-01  4.11563607e+00
 -4.04988207e-01  3.82019791e-01  3.24812050e+00 -1.91920185e-01
  4.09324207e-02  3.14525609e+00 -1.76624093e+00 -5.99736182e-01
  1.98252140e+00 -1.40749802e+00 -9.02794046e-01  2.06650935e+00
 -6.48540058e-01 -1.19953160e+00  2.15414244e+00 -6.48540058e-01
 -1.19953160e+00  2.15414244e+00 -4.46541656e-01 -1.31999943e+00
  2.35221800e+00 -2.92289779e-01 -1.37354225e+00  2.41770127e+00
 -6.48540058e-01 -1.19953160e+00  2.15414244e+00 -1.04902906e+00
 -1.18664389e+00  1.23663802e+00 -2.79180041e+00 -1.03343602e+00
  1.22663825e-01 -7.85331039e-01 -2.58044263e+00  1.52514757e+00
 -7.85331039e-01 -2.58044263e+00  1.52514757e+00 -2.19284744e-01
 -2.86577900e+00  1.73481247e+00 -7.85331039e-01 -2.58044263e+00
  1.52514757e+00 -6.48540058e-01 -1.19953160e+00  2.15414244e+00
 -1.58910270e+00 -9.99462868e-01  3.90193413e+00 -2.88945590e+00
 -8.86351370e-01  6.14915984e+00 -2.63930653e+00 -1.76134779e+00
  4.84436090e+00 -2.63930653e+00 -1.76134779e+00  4.84436090e+00
 -2.60877732e+00 -2.17233202e+00  4.48357458e+00 -2.63930653e+00
 -1.76134779e+00  4.84436090e+00  7.52644897e-02  3.04667705e-02
 -3.57499172e-03  7.22987449e-03  3.01675669e-01 -6.96188478e-02
 -3.30630179e-01  2.28900049e-01 -2.40841748e-01  3.56916294e-01
  2.57621547e-01 -2.01479345e-01  3.93272835e-01 -5.50063959e-02
  9.97272842e-02  2.43597647e-01  1.08830413e-01  8.52683318e-02
 -1.31940622e-02 -2.48787850e-01 -9.65103592e-03 -2.87878381e-01
 -2.20618195e-01  1.39998058e-01  3.63557700e-01 -3.49722677e-01
  8.47008523e-02  4.30574198e-01  1.51252572e-02 -1.86402755e-01
  2.73742890e-01 -1.33272077e-01 -1.98014577e-01  4.09269170e-01
  6.59057895e-02 -1.78972474e-02  4.78313422e-01  8.12790120e-02
  9.98858489e-02  2.08762371e-01  4.17404730e-02 -1.51800457e-02
  6.42642927e-02  4.68711735e-02 -6.10263992e-02  9.05090164e-02
  2.58810772e-02 -3.33991121e-02 -3.66021133e-02  3.27517202e-02
 -5.33228163e-02  2.30677531e-01  2.79261214e-01  9.03895872e-02
  3.45310021e-01  1.51151753e-02 -6.93874848e-01 -3.20320156e-01
 -8.28779719e-01 -7.66954342e-01 -4.06896380e-01 -8.67133371e-01
 -5.61995585e-01 -3.87356947e-01 -7.86733411e-01 -5.93317309e-01
 -3.87356947e-01 -7.86733411e-01 -5.93317309e-01 -4.06896380e-01
 -8.67133371e-01 -5.61995585e-01  1.36569272e-01 -2.84783746e-01
 -2.00866468e-01  3.26619728e-01 -3.80124303e-02  6.32611707e-01
  2.66513083e-02  6.19564417e-01  6.87160714e-01 -1.10701652e-01
  8.94764420e-01  5.11685003e-01 -3.79276526e-02  8.06925737e-01
  5.27016319e-01 -3.79276526e-02  8.06925737e-01  5.27016319e-01
 -1.10701652e-01  8.94764420e-01  5.11685003e-01]
