[-2.28692007e+00 -3.75887295e-01 -5.28528132e-02  1.66699998e-02
  1.95696168e-11  6.20950819e-10  1.68295024e-10  7.71478437e-11
  0.00000000e+00 -8.87970448e+00 -6.00783872e+00  1.97196140e+01
  5.07666014e+01  9.46556166e+01  0.00000000e+00 -2.48583320e+00
 -1.11596943e+00  1.06734020e+00 -5.63010777e-01 -4.54725207e+00
 -2.90935939e-26  4.81547444e-01  7.81511427e-01  9.26699100e-01
  9.87083137e-01  9.99155701e-01  1.00000000e+00  8.76420021e-01
  6.23890937e-01  3.75804186e-01  1.60208955e-01 -4.10840955e-02
  0.00000000e+00  8.53079605e+01  0.00000000e+00  0.00000000e+00
  8.53079605e+01  0.00000000e+00  7.41899252e+00  7.39415130e+01
  7.47579034e-02  1.14158821e+01  4.46722565e+01  2.76358624e+01
  7.65617657e+00  1.18259000e+01  1.27405703e+00  1.31476078e+01
  3.94454383e+00  1.05666790e+01  0.00000000e+00  8.53079605e+01
  0.00000000e+00 -9.24399949e+00  7.61073837e+01  3.04121328e+00
 -2.31767902e+01  4.01335335e+01  1.95450687e+01 -4.11337280e+01
  8.97133542e+00 -2.88019609e+00 -4.25145225e+01  2.68101048e+00
  9.11284354e+00  0.00000000e+00  8.53079605e+01  0.00000000e+00
  3.46346092e+00  9.45591660e+01  5.97071171e+00  4.63005352e+00
  1.02481324e+02  1.43240109e+01  4.63005352e+00  1.02481324e+02
  1.43240109e+01  7.38542557e+00  1.11866989e+02  1.59062414e+01
  9.72599985e+00  1.21536751e+02  1.67380638e+01  4.63005352e+00
  1.02481324e+02  1.43240109e+01  2.16834239e+01  1.10291244e+02
  6.74687195e+00  2.56887245e+01  8.28750305e+01  1.91123473e+00
  1.30592595e+01  8.56424942e+01  1.67252770e+01  1.30592595e+01
  8.56424942e+01  1.67252770e+01  1.15156583e+01  8.69314651e+01
  2.02259827e+01  1.30592595e+01  8.56424942e+01  1.67252770e+01
  4.63005352e+00  1.02481324e+02  1.43240109e+01 -3.36960175e+00
  1.17849464e+02  5.45651484e+00 -2.00467071e+01  9.63185273e+01
 -6.10660601e+00 -2.44304504e+01  8.20305557e+01  6.32564973e+00
 -2.44304504e+01  8.20305557e+01  6.32564973e+00 -2.49119263e+01
  8.04822998e+01  9.44300934e+00 -2.44304504e+01  8.20305557e+01
  6.32564973e+00 -2.28692008e+00 -8.53348615e-01 -3.75887317e-01
 -2.28692008e+00 -8.53348615e-01 -3.75887317e-01 -2.49083520e+00
 -9.79048434e-01 -7.91781136e-01  1.82414800e-01 -1.39866010e-01
 -4.33016189e-01 -2.24807525e+00 -2.75004567e-01  2.02037246e-01
 -9.63642661e-01  2.69691367e-02 -4.15041606e-01 -2.28692008e+00
 -8.53348615e-01 -3.75887317e-01 -2.28901792e+00 -5.57637276e-01
  3.99203769e-01 -9.07657388e-01 -6.91022637e-01  1.19699394e+00
 -4.71668483e-01 -3.04967408e-02 -2.28473579e-02 -1.54029518e-01
 -7.27047326e-02 -1.26995216e-02 -2.28692008e+00 -8.53348615e-01
 -3.75887317e-01 -1.31975449e+00 -1.47391951e+00 -9.26838681e-02
 -7.58661213e-01 -1.49944318e+00 -1.66043427e-01 -7.58661213e-01
 -1.49944318e+00 -1.66043427e-01 -7.02594223e-01 -1.55025101e+00
  2.44324555e-02 -6.34845855e-01 -1.57579363e+00  1.21872377e-01
 -7.58661213e-01 -1.49944318e+00 -1.66043427e-01 -1.16791106e+00
 -1.29233754e+00 -8.30620181e-01 -2.25424481e+00 -1.31238747e+00
 -1.45443976e+00 -8.68395212e-01 -1.85783828e+00 -2.91565435e-01
 -8.68395212e-01 -1.85783828e+00 -2.91565435e-01 -5.01764657e-01
 -1.98660243e+00 -1.08828321e-01 -8.68395212e-01 -1.85783828e+00
 -2.91565435e-01 -7.58661213e-01 -1.49944318e+00 -1.66043427e-01
 -1.35748661e+00 -1.07440126e+00  1.25509607e+00 -2.60089064e+00
 -6.80567028e-01  2.45042634e+00 -2.19841457e+00 -1.43720484e+00
  1.66864549e+00 -2.19841457e+00 -1.43720484e+00  1.66864549e+00
 -2.04598666e+00 -1.72254300e+00  1.53063249e+00 -2.19841457e+00
 -1.43720484e+00  1.66864549e+00  8.32676737e-02  9.13270859e-02
 -9.34705882e-03 -1.58987493e-02  3.19783211e-01 -8.38930904e-02
 -4.29000944e-01  2.20205292e-01 -2.22347945e-01  3.10319573e-01
  2.18480706e-01 -1.57413468e-01  2.66004831e-01  1.46646320e-01
  1.11818604e-01  1.35449543e-01  2.32962935e-01  9.14498120e-02
  1.02768549e-02 -8.97336450e-02 -6.05133623e-02 -2.30727822e-01
 -4.23845094e-02  1.47214329e-02  2.30913252e-01 -1.64938495e-01
 -9.93729446e-02  1.65653975e-01  7.04398526e-02 -2.51094073e-01
  3.36639730e-02  1.89774536e-02 -1.60968050e-01  3.44469846e-01
  1.20009817e-01 -1.23113021e-01  4.21707183e-01  1.23822525e-01
  1.09437744e-02  1.50201783e-01  7.64439627e-02 -1.05392910e-01
  5.17407432e-02  1.60798371e-01 -1.35257751e-01  1.04718357e-01
  1.87720253e-01 -8.65242405e-02 -3.33289721e-03  1.87451734e-01
 -7.99870788e-02  1.84246823e-01  2.31373131e-01 -1.99401898e-02
  2.90943414e-01 -1.29835471e-01 -7.15143621e-01 -4.11827772e-01
 -9.74784732e-01 -7.15610981e-01 -5.94646453e-01 -1.02478433e+00
 -6.03590965e-01 -5.88278293e-01 -9.05556679e-01 -6.04402125e-01
 -5.88278293e-01 -9.05556679e-01 -6.04402125e-01 -5.94646453e-01
 -1.02478433e+00 -6.03590965e-01  5.57099397e-02 -2.92899012e-01
 -2.56557137e-01  2.16227159e-01 -1.24919787e-01  4.74023641e-01
  4.93152587e-02  4.69939262e-01  4.80360150e-01  5.52556882e-03
  7.47948587e-01  2.87236244e-01  4.06645869e-02  6.57062352e-01
  2.86778569e-01  4.06645869e-02  6.57062352e-01  2.86778569e-01
  5.52556882e-03  7.47948587e-01  2.87236244e-01]
