[-1.95692189e+00 -2.53425795e+00 -1.49127584e+00 -8.22711412e-01
 -1.47630766e-01 -7.33205312e-01 -1.36084225e-01 -6.42482495e-01
  0.00000000e+00 -3.08147600e-01 -2.74520570e-01  4.99126082e-01
  1.42012301e+00  2.76974188e+00  0.00000000e+00 -9.47706738e-01
 -1.72258362e+00 -2.34752329e+00 -2.92404239e+00 -3.36323287e+00
  6.18633153e-17  1.08034636e+00  1.72054585e+00  2.01376337e+00
  2.15019956e+00  2.21882579e+00  0.00000000e+00 -2.00790214e-01
 -5.17426607e-01 -6.62721233e-01 -6.40747487e-01 -5.70733267e-01
  0.00000000e+00 -3.17015934e-01  0.00000000e+00  0.00000000e+00
 -3.17015934e-01  0.00000000e+00 -3.94046220e-02 -3.68877180e-01
 -6.61069633e-02  2.31643617e-01  1.11058907e-01  1.37423366e+00
  4.04074370e-01 -4.18844406e-01  9.55059196e-01  1.01575006e+00
 -3.21088552e-01  1.25884231e+00  0.00000000e+00 -3.17015934e-01
  0.00000000e+00 -8.72914593e-02 -2.15002837e-01  2.32926439e-01
 -9.64328315e-01 -3.70748464e-01  4.41588950e-01 -3.63669070e+00
 -9.00087995e-01  7.70552488e-01 -3.41204318e+00 -5.60498900e-01
  1.47801928e+00  0.00000000e+00 -3.17015934e-01  0.00000000e+00
  3.93460927e-01 -2.60534484e-01  1.46345761e-02  6.89427764e-01
 -2.46891728e-01  5.97291642e-02  6.89427764e-01 -2.46891728e-01
  5.97291642e-02  9.64231184e-01 -2.28027722e-01  4.61150901e-02
  1.13242798e+00 -2.30163391e-01  8.46675463e-02  6.89427764e-01
 -2.46891728e-01  5.97291642e-02  1.01900608e+00 -6.51507289e-01
 -1.09094297e-01  1.96581880e-01 -1.41781871e+00  4.03609421e-01
 -6.73655634e-01 -2.78151063e-01  5.01578106e-01 -6.73655634e-01
 -2.78151063e-01  5.01578106e-01 -8.29535450e-01 -2.45211332e-02
  5.55679610e-01 -6.73655634e-01 -2.78151063e-01  5.01578106e-01
  6.89427764e-01 -2.46891728e-01  5.97291642e-02  1.09115130e+00
  8.04914105e-02 -2.09936359e-01  5.47177050e-01  2.93967175e-01
 -5.33454591e-01 -2.09739880e-01  3.61489936e-02 -2.97412722e-01
 -2.09739880e-01  3.61489936e-02 -2.97412722e-01 -3.38507714e-01
  3.70285603e-03 -1.82574682e-01 -2.09739880e-01  3.61489936e-02
 -2.97412722e-01 -1.65801247e+00 -6.39442156e-01 -2.14716352e+00
 -1.65801247e+00 -6.39442156e-01 -2.14716352e+00 -1.81210023e+00
 -7.34520476e-01 -2.43885229e+00  5.33134538e-02 -1.04388572e-01
 -2.33835436e+00 -1.66994625e+00 -2.11332023e-01 -2.10765082e+00
 -7.42856494e-01  1.55470340e-02 -2.61512425e+00 -1.65801247e+00
 -6.39442156e-01 -2.14716352e+00 -1.67620069e+00 -4.15902461e-01
 -1.62919811e+00 -6.65263461e-01 -5.12294236e-01 -1.23025159e+00
 -1.61423231e-01 -2.53542217e-02 -2.31767624e+00  5.25388631e-02
 -5.38103792e-02 -2.35471842e+00 -1.65801247e+00 -6.39442156e-01
 -2.14716352e+00 -9.65765221e-01 -1.10833914e+00 -1.86653366e+00
 -5.94333741e-01 -1.12684400e+00 -1.89486240e+00 -5.94333741e-01
 -1.12684400e+00 -1.89486240e+00 -5.60307465e-01 -1.16539601e+00
 -1.71473508e+00 -5.10239505e-01 -1.18481070e+00 -1.60709124e+00
 -5.94333741e-01 -1.12684400e+00 -1.89486240e+00 -8.59946652e-01
 -9.69869477e-01 -2.27456096e+00 -1.60625958e+00 -9.86799275e-01
 -2.74283660e+00 -6.58484998e-01 -1.37798898e+00 -1.94079291e+00
 -6.58484998e-01 -1.37798898e+00 -1.94079291e+00 -4.03895150e-01
 -1.46970920e+00 -1.81042828e+00 -6.58484998e-01 -1.37798898e+00
 -1.94079291e+00 -5.94333741e-01 -1.12684400e+00 -1.89486240e+00
 -1.00284879e+00 -8.00522242e-01 -8.47058605e-01 -1.89227222e+00
 -4.92587035e-01 -1.30672736e-01 -1.66766711e+00 -1.06554280e+00
 -7.82550907e-01 -1.66766711e+00 -1.06554280e+00 -7.82550907e-01
 -1.56920120e+00 -1.28168645e+00 -8.92562548e-01 -1.66766711e+00
 -1.06554280e+00 -7.82550907e-01  1.31743328e-01  4.64517242e-01
 -3.91231193e-02 -1.61010189e-01  4.43202323e-01 -1.78299742e-01
 -1.03738171e+00  1.91782562e-01 -1.09663646e-01  2.40974034e-02
  1.53372271e-02  8.55939764e-02 -5.05346329e-01  1.41280552e+00
  1.69816704e-01 -5.18484031e-01  1.04416360e+00  1.28792137e-01
  1.28487625e-01  8.37636004e-01 -3.64223926e-01  9.08788283e-02
  9.80816586e-01 -7.11152160e-01 -5.06442766e-01  8.82131565e-01
 -1.16467143e+00 -1.37625867e+00  3.61514901e-01 -6.10856636e-01
 -1.37673177e+00  8.69417861e-01  7.42735087e-02  2.32386281e-02
  4.67908481e-01 -7.61829215e-01  1.03681779e-01  4.11924557e-01
 -5.09065789e-01 -1.59258697e-01  3.09369109e-01 -6.34019094e-01
  1.48485262e-02  8.55238326e-01 -5.62925794e-01  2.12800723e-01
  1.15907826e+00 -3.96575102e-01  2.08631154e-01  1.12264228e+00
 -2.32053053e-01 -5.78846971e-02 -4.61814448e-02 -6.70559020e-01
 -3.47421760e-02 -9.65832494e-01 -8.75106592e-01 -9.36843184e-01
 -1.78072626e+00 -4.03424319e-01 -1.67806765e+00 -1.89635533e+00
 -7.80678094e-01 -1.73692826e+00 -1.55507356e+00 -6.08479719e-01
 -1.73692826e+00 -1.55507356e+00 -6.08479719e-01 -1.67806765e+00
 -1.89635533e+00 -7.80678094e-01 -4.00904248e-01 -2.92753964e-01
 -6.01136812e-01 -3.90399677e-01 -6.02190510e-01 -4.77393087e-01
  2.84056026e-01 -4.30679505e-01 -7.35603639e-01  7.96525114e-01
 -1.42267437e-01 -9.80628756e-01  6.16448428e-01 -2.55808985e-01
 -1.08374511e+00  6.16448428e-01 -2.55808985e-01 -1.08374511e+00
  7.96525114e-01 -1.42267437e-01 -9.80628756e-01]
