[-2.28692007e+00 -3.75887305e-01 -5.28528132e-02  1.66699998e-02
  0.00000000e+00  0.00000000e+00  0.00000000e+00  0.00000000e+00
  0.00000000e+00 -8.87970448e+00 -6.00783873e+00  1.97196140e+01
  5.07666016e+01  9.46556168e+01  0.00000000e+00 -2.48583317e+00
 -1.11596930e+00  1.06734014e+00 -5.63010693e-01 -4.54725218e+00
  0.00000000e+00  4.81547445e-01  7.81511426e-01  9.26699102e-01
  9.87083137e-01  9.99155700e-01  1.00000000e+00  8.76420021e-01
  6.23890936e-01  3.75804186e-01  1.60208955e-01 -4.10840958e-02
  0.00000000e+00  8.53079605e+01  0.00000000e+00  0.00000000e+00
  8.53079605e+01  0.00000000e+00  7.41899252e+00  7.39415131e+01
  7.47579038e-02  1.14158821e+01  4.46722565e+01  2.76358624e+01
  7.65617657e+00  1.18259001e+01  1.27405703e+00  1.31476078e+01
  3.94454384e+00  1.05666790e+01  0.00000000e+00  8.53079605e+01
  0.00000000e+00 -9.24399948e+00  7.61073837e+01  3.04121327e+00
 -2.31767902e+01  4.01335335e+01  1.95450687e+01 -4.11337280e+01
  8.97133541e+00 -2.88019609e+00 -4.25145226e+01  2.68101048e+00
  9.11284351e+00  0.00000000e+00  8.53079605e+01  0.00000000e+00
  3.46346092e+00  9.45591660e+01  5.97071171e+00  4.63005352e+00
  1.02481323e+02  1.43240108e+01  4.63005352e+00  1.02481323e+02
  1.43240108e+01  7.38542557e+00  1.11866989e+02  1.59062414e+01
  9.72599983e+00  1.21536751e+02  1.67380638e+01  4.63005352e+00
  1.02481323e+02  1.43240108e+01  2.16834240e+01  1.10291245e+02
  6.74687195e+00  2.56887245e+01  8.28750305e+01  1.91123474e+00
  1.30592594e+01  8.56424942e+01  1.67252769e+01  1.30592594e+01
  8.56424942e+01  1.67252769e+01  1.15156584e+01  8.69314651e+01
  2.02259827e+01  1.30592594e+01  8.56424942e+01  1.67252769e+01
  4.63005352e+00  1.02481323e+02  1.43240108e+01 -3.36960173e+00
  1.17849464e+02  5.45651484e+00 -2.00467072e+01  9.63185272e+01
 -6.10660601e+00 -2.44304504e+01  8.20305557e+01  6.32564974e+00
 -2.44304504e+01  8.20305557e+01  6.32564974e+00 -2.49119263e+01
  8.04822998e+01  9.44300938e+00 -2.44304504e+01  8.20305557e+01
  6.32564974e+00 -2.28692007e+00 -8.53348613e-01 -3.75887305e-01
 -2.28692007e+00 -8.53348613e-01 -3.75887305e-01 -2.49083519e+00
 -9.79048431e-01 -7.91781127e-01  1.82414800e-01 -1.39866009e-01
 -4.33016181e-01 -2.24807525e+00 -2.75004566e-01  2.02037260e-01
 -9.63642657e-01  2.69691367e-02 -4.15041596e-01 -2.28692007e+00
 -8.53348613e-01 -3.75887305e-01 -2.28901792e+00 -5.57637274e-01
  3.99203777e-01 -9.07657385e-01 -6.91022635e-01  1.19699395e+00
 -4.71668482e-01 -3.04967407e-02 -2.28473470e-02 -1.54029518e-01
 -7.27047324e-02 -1.26995090e-02 -2.28692007e+00 -8.53348613e-01
 -3.75887305e-01 -1.31975448e+00 -1.47391951e+00 -9.26838592e-02
 -7.58661211e-01 -1.49944317e+00 -1.66043416e-01 -7.58661211e-01
 -1.49944317e+00 -1.66043416e-01 -7.02594221e-01 -1.55025101e+00
  2.44324710e-02 -6.34845853e-01 -1.57579362e+00  1.21872380e-01
 -7.58661211e-01 -1.49944317e+00 -1.66043416e-01 -1.16791105e+00
 -1.29233754e+00 -8.30620170e-01 -2.25424480e+00 -1.31238747e+00
 -1.45443976e+00 -8.68395209e-01 -1.85783827e+00 -2.91565418e-01
 -8.68395209e-01 -1.85783827e+00 -2.91565418e-01 -5.01764655e-01
 -1.98660243e+00 -1.08828314e-01 -8.68395209e-01 -1.85783827e+00
 -2.91565418e-01 -7.58661211e-01 -1.49944317e+00 -1.66043416e-01
 -1.35748661e+00 -1.07440126e+00  1.25509608e+00 -2.60089064e+00
 -6.80567026e-01  2.45042634e+00 -2.19841456e+00 -1.43720484e+00
  1.66864550e+00 -2.19841456e+00 -1.43720484e+00  1.66864550e+00
 -2.04598665e+00 -1.72254300e+00  1.53063250e+00 -2.19841456e+00
 -1.43720484e+00  1.66864550e+00  8.32676739e-02  9.13270861e-02
 -9.34705883e-03 -1.58987492e-02  3.19783211e-01 -8.38930905e-02
 -4.29000944e-01  2.20205292e-01 -2.22347945e-01  3.10319573e-01
  2.18480706e-01 -1.57413468e-01  2.66004831e-01  1.46646321e-01
  1.11818604e-01  1.35449544e-01  2.32962936e-01  9.14498121e-02
  1.02768550e-02 -8.97336453e-02 -6.05133623e-02 -2.30727822e-01
 -4.23845090e-02  1.47214327e-02  2.30913252e-01 -1.64938495e-01
 -9.93729457e-02  1.65653974e-01  7.04398528e-02 -2.51094073e-01
  3.36639732e-02  1.89774539e-02 -1.60968050e-01  3.44469845e-01
  1.20009817e-01 -1.23113021e-01  4.21707183e-01  1.23822525e-01
  1.09437741e-02  1.50201783e-01  7.64439628e-02 -1.05392911e-01
  5.17407432e-02  1.60798371e-01 -1.35257751e-01  1.04718357e-01
  1.87720254e-01 -8.65242407e-02 -3.33289709e-03  1.87451735e-01
 -7.99870789e-02  1.84246823e-01  2.31373131e-01 -1.99401900e-02
  2.90943414e-01 -1.29835472e-01 -7.15143621e-01 -4.11827773e-01
 -9.74784732e-01 -7.15610981e-01 -5.94646454e-01 -1.02478433e+00
 -6.03590965e-01 -5.88278294e-01 -9.05556679e-01 -6.04402125e-01
 -5.88278294e-01 -9.05556679e-01 -6.04402125e-01 -5.94646454e-01
 -1.02478433e+00 -6.03590965e-01  5.57099395e-02 -2.92899013e-01
 -2.56557137e-01  2.16227159e-01 -1.24919787e-01  4.74023640e-01
  4.93152589e-02  4.69939262e-01  4.80360150e-01  5.52556943e-03
  7.47948587e-01  2.87236243e-01  4.06645872e-02  6.57062352e-01
  2.86778569e-01  4.06645872e-02  6.57062352e-01  2.86778569e-01
  5.52556943e-03  7.47948587e-01  2.87236243e-01]
